3
V1 0.159155 1.59155 0.1
15 4
1 2 I(L1) I(V1) 
(1,0) (2,-1.000000000028582) (-5.716405127031976e-011,-2.000000000057164) (-1.000000000057164,-1.000000000028582) 
(1,0) (2,-1.628318530746541) (-1.651421237572573,-3.256637061493081) (-2.651421237572573,-1.62831853074654) 
(1,0) (2,-2.256637061464499) (-4.092410827175132,-4.513274122928999) (-5.092410827175132,-2.256637061464501) 
(1,0) (2,-2.884955592182458) (-7.322968768864836,-5.769911184364917) (-8.322968768864836,-2.884955592182459) 
(1,0) (1.999999999999998,-3.513274122900417) (-11.34309506264169,-7.026548245800827) (-12.34309506264169,-3.51327412290041) 
(1,0) (1.999999999999999,-4.141592653618375) (-16.15278970850569,-8.283185307236746) (-17.15278970850569,-4.141592653618371) 
(1,0) (1.999999999999999,-4.769911184336333) (-21.75205270645684,-9.539822368672661) (-22.75205270645684,-4.76991118433633) 
(1,0) (2,-5.398229715054292) (-28.14088405649515,-10.79645943010859) (-29.14088405649514,-5.398229715054294) 
(1,0) (2.000000000000003,-6.026548245772251) (-35.31928375862059,-12.05309649154452) (-36.31928375862059,-6.02654824577227) 
(1,0) (2.000000000000006,-6.654866776490208) (-43.28725181283319,-13.30973355298046) (-44.28725181283319,-6.654866776490247) 
(1,0) (1.999999999999999,-7.283185307208168) (-52.04478821913293,-14.56637061441633) (-53.04478821913293,-7.283185307208158) 
(1,0) (1.999999999999996,-7.911503837926128) (-61.59189297751985,-15.82300767585222) (-62.59189297751984,-7.911503837926095) 
(1,0) (1.999999999999998,-8.539822368644087) (-71.9285660879939,-17.07964473728816) (-72.9285660879939,-8.539822368644074) 
(1,0) (2,-9.168140899362045) (-83.0548075505551,-18.33628179872409) (-84.0548075505551,-9.168140899362051) 
(1,0) (2.000000000000011,-9.796459430080002) (-94.97061736520342,-19.59291886016011) (-95.97061736520344,-9.796459430080111) 
